1
4
5
6
7
8
11
12
13
15
16
17
18
19
20
21
22
23
24
25
26
27
28
29
31
32
33
34
35
36
37
38
39
40
41
42
43
44
45
46
47
49
51
52
53
54
55
56
57
58
59
60
63
64
65
67
68
69
70
73
74
75
77
79
80
83
84
86
90
93
94
100
101
102
104
105
106
108
116
117
130
133
136
137
142
145
147
150
152
154
157
158
162
164
166
167
168
170
173
176
177
179
181
183
184
185
186
187
190
191
192
193
194
195
197
198
199
200
201
202
203
204
205
207
208
209
210
211
212
213
217
218
219
220
221
222
223
224
225
226
227
228
229
230
231
232
233
235
236
237
238
239
240
241
243
244
245
246
247
248
249
250
251
252
253
254
255
256
257
258
259
260
261
